{
 "skeleton": "HL_Bip01",
 "source": "hl_einstein_v1sc.psk",
 "bones": [
  "Bip01",
  "Bip01 Pelvis",
  "Bip01 L Leg",
  "Bip01 L Leg1",
  "Bip01 L Foot",
  "Bip01 R Leg",
  "Bip01 R Leg1",
  "Bip01 R Foot",
  "Bip01 Spine",
  "Bip01 Spine1",
  "Bip01 Spine2",
  "Bip01 Spine3",
  "Bip01 Neck",
  "Bip01 L Arm",
  "Bip01 L Arm1",
  "Bip01 L Arm2",
  "Bip01 L Hand",
  "Bip01 R Arm",
  "Bip01 R Arm1",
  "Bip01 R Arm2",
  "Bip01 R Hand",
  "Bip01 Head"
 ],
 "parent": [
  -1,
  0,
  1,
  2,
  3,
  1,
  5,
  6,
  1,
  8,
  9,
  10,
  11,
  12,
  13,
  14,
  15,
  12,
  17,
  18,
  19,
  12
 ],
 "pose_rot": [
  [
   [
    -1.524521420215308e-08,
    2.5904723695227147e-06,
    0.999999999996645
   ],
   [
    -5.025051335311567e-07,
    -0.9999999999965186,
    2.590472362088185e-06
   ],
   [
    0.9999999999998739,
    -5.025050940371658e-07,
    1.5246515383486793e-08
   ]
  ],
  [
   [
    3.139164788112936e-07,
    2.9647345105493016e-16,
    0.9999999999999507
   ],
   [
    0.9999999999991473,
    1.2675907949908352e-06,
    -3.1391647863510433e-07
   ],
   [
    -1.2675907949954371e-06,
    0.9999999999991965,
    3.978515589506435e-13
   ]
  ],
  [
   [
    0.9999999999999662,
    -2.2113087906732849e-07,
    -1.3787264017927913e-07
   ],
   [
    2.2113091046338252e-07,
    0.9999999999999498,
    2.2771782454221782e-07
   ],
   [
    1.3787258982382946e-07,
    -2.277178551024031e-07,
    0.9999999999999646
   ]
  ],
  [
   [
    0.9999999999999993,
    -3.6541121147416435e-08,
    1.5118756507889425e-08
   ],
   [
    3.654112084436316e-08,
    0.9999999999999987,
    2.004485542367371e-08
   ],
   [
    -1.5118757240350903e-08,
    -2.004485481988349e-08,
    0.9999999999999997
   ]
  ],
  [
   [
    0.9999999999998805,
    1.9171526844215817e-07,
    4.502580646170492e-07
   ],
   [
    -1.9171522340900337e-07,
    0.9999999999999766,
    -1.000163612900458e-07
   ],
   [
    -4.502580837917022e-07,
    1.0001627496430956e-07,
    0.9999999999998936
   ]
  ],
  [
   [
    0.9999999999999933,
    4.0028257253460394e-08,
    1.1134015404694331e-07
   ],
   [
    -4.002820620560996e-08,
    0.9999999999998939,
    -4.584855027003065e-07
   ],
   [
    -1.1134017239930718e-07,
    4.584854982167137e-07,
    0.9999999999998886
   ]
  ],
  [
   [
    0.9999999999999891,
    -1.3257050938462755e-07,
    -6.718834060260294e-08
   ],
   [
    1.3257052377139065e-07,
    0.999999999999968,
    2.1412592747345377e-07
   ],
   [
    6.718831221581752e-08,
    -2.1412593647154015e-07,
    0.9999999999999748
   ]
  ],
  [
   [
    0.9999999999998983,
    7.074200774776804e-08,
    4.4487464407909964e-07
   ],
   [
    -7.074198289483418e-08,
    0.9999999999999956,
    -5.5865042325195593e-08
   ],
   [
    -4.448746480311031e-07,
    5.586501077112127e-08,
    0.9999999999998994
   ]
  ],
  [
   [
    0.9999999999997276,
    6.948218501991105e-07,
    2.491754419696801e-07
   ],
   [
    -6.948218626574638e-07,
    0.9999999999997574,
    4.99982365621637e-08
   ],
   [
    -2.491754072297524e-07,
    -4.999840969947747e-08,
    0.9999999999999676
   ]
  ],
  [
   [
    0.9999999999996994,
    -4.4398357877270394e-07,
    -6.35629216264821e-07
   ],
   [
    4.439835040774438e-07,
    0.9999999999998949,
    -1.1751402338215945e-07
   ],
   [
    6.356292684390507e-07,
    1.1751374115646724e-07,
    0.9999999999997911
   ]
  ],
  [
   [
    0.9999999999953268,
    3.047455147982869e-06,
    2.436116871781421e-07
   ],
   [
    -3.0474552020675305e-06,
    0.9999999999953318,
    2.2201170587454342e-07
   ],
   [
    -2.4361101060628893e-07,
    -2.2201244826865762e-07,
    0.9999999999999457
   ]
  ],
  [
   [
    0.9999999999949731,
    -3.1402837238161838e-06,
    4.388303192336156e-07
   ],
   [
    3.1402836064260625e-06,
    0.9999999999950335,
    2.675072933025443e-07
   ],
   [
    -4.3883115928023533e-07,
    -2.675059152399254e-07,
    0.999999999999868
   ]
  ],
  [
   [
    1.0,
    -1.2800746241778072e-16,
    -5.520227986952012e-22
   ],
   [
    1.2800746241778067e-16,
    1.0000000000000002,
    -2.3476489339686914e-21
   ],
   [
    5.520227986952012e-22,
    4.428614643733315e-21,
    1.0
   ]
  ],
  [
   [
    0.9999999999999227,
    -1.0963986908069521e-08,
    -3.928050723714756e-07
   ],
   [
    1.0964117101712858e-08,
    0.9999999999999449,
    3.3144593160814443e-07
   ],
   [
    3.9280506873748515e-07,
    -3.314459358642618e-07,
    0.999999999999868
   ]
  ],
  [
   [
    0.19099804235383733,
    0.009452618943366803,
    -0.9815449025959601
   ],
   [
    -0.00012014533117295982,
    0.99995384906093,
    0.009606524518782534
   ],
   [
    0.9815904101926124,
    -0.0017168993395280416,
    0.1909903633028557
   ]
  ],
  [
   [
    0.9999999999994809,
    -7.422046445563135e-07,
    -6.981420631868349e-07
   ],
   [
    7.422040459436844e-07,
    0.9999999999993568,
    -8.574365717962824e-07
   ],
   [
    6.98142699579792e-07,
    8.574360535164711e-07,
    0.9999999999993886
   ]
  ],
  [
   [
    0.9999999999994,
    -4.2729504661220805e-08,
    1.0943491960947379e-06
   ],
   [
    4.2726483356033246e-08,
    0.9999999999961883,
    2.7608235669303747e-06
   ],
   [
    -1.0943493140591896e-06,
    -2.7608235194860933e-06,
    0.9999999999955904
   ]
  ],
  [
   [
    0.9999999999951314,
    1.516621123018041e-06,
    -2.727004342040205e-06
   ],
   [
    -1.5166249153362794e-06,
    0.9999999999978832,
    -1.390652008551533e-06
   ],
   [
    2.7270022329422208e-06,
    1.3906561444782145e-06,
    0.9999999999953149
   ]
  ],
  [
   [
    0.19475969383219205,
    0.009362100636043714,
    0.9808063074481483
   ],
   [
    0.000170372581975596,
    0.9999541086542042,
    -0.009578703396588702
   ],
   [
    -0.9808509737118958,
    0.002032647843846815,
    0.19474916100247716
   ]
  ],
  [
   [
    0.999999999999976,
    -1.4407547528742546e-07,
    1.6586332834927934e-07
   ],
   [
    1.4407564767709759e-07,
    0.9999999999994494,
    -1.0393481770940426e-06
   ],
   [
    -1.6586317860460544e-07,
    1.0393482009392622e-06,
    0.9999999999994461
   ]
  ],
  [
   [
    0.9999999999996478,
    5.882525476935806e-07,
    5.985863684803479e-07
   ],
   [
    -5.882527858396354e-07,
    0.9999999999997481,
    3.9784734267506157e-07
   ],
   [
    -5.985861344454841e-07,
    -3.9784769480214087e-07,
    0.9999999999997417
   ]
  ],
  [
   [
    0.9999999999998965,
    1.0182539596370123e-07,
    -4.4366399912631463e-07
   ],
   [
    -1.01825519750219e-07,
    0.9999999999999559,
    -2.790095927736628e-07
   ],
   [
    4.436639707160328e-07,
    2.7900963794641036e-07,
    0.9999999999998627
   ]
  ]
 ],
 "target_height": 189.93634873628616,
 "up_axis": 2,
 "foot": -0.29178696870803833,
 "center": [
  0.29747772216796875,
  -2.6934103965759277,
  94.67638739943504
 ]
}