{
 "format": 2,
 "skeleton": "HL_Bip01",
 "source": "hl_einstein_v1sc_new_profile.psk",
 "bones": [
  "Bip01",
  "Bip01 Pelvis",
  "Bip01 L Leg",
  "Bip01 L Leg1",
  "Bip01 L Foot",
  "Bip01 R Leg",
  "Bip01 R Leg1",
  "Bip01 R Foot",
  "Bip01 Spine",
  "Bip01 Spine1",
  "Bip01 Spine2",
  "Bip01 Spine3",
  "Bip01 Neck",
  "Bip01 L Arm",
  "Bip01 L Arm1",
  "Bip01 L Arm2",
  "Bip01 L Hand",
  "Bip01 R Arm",
  "Bip01 R Arm1",
  "Bip01 R Arm2",
  "Bip01 R Hand",
  "Bip01 Head"
 ],
 "parent": [
  -1,
  0,
  1,
  2,
  3,
  1,
  5,
  6,
  1,
  8,
  9,
  10,
  11,
  12,
  13,
  14,
  15,
  12,
  17,
  18,
  19,
  12
 ],
 "pose_local": [
  [
   [
    -1.524522375007109e-08,
    2.5904723696005566e-06,
    0.9999999999966446,
    0.0
   ],
   [
    -5.025051338262831e-07,
    -0.9999999999965182,
    2.5904723622673138e-06,
    0.0
   ],
   [
    0.9999999999998738,
    -5.025050943322669e-07,
    1.5246525181676297e-08,
    0.0
   ],
   [
    0.0,
    0.0,
    0.0,
    1.0
   ]
  ],
  [
   [
    3.139164788112936e-07,
    1.3854782406632938e-16,
    0.9999999999999508,
    1.60563067903572e-05
   ],
   [
    0.9999999999991473,
    1.2675907950296967e-06,
    -3.139164785708925e-07,
    39.52611324241889
   ],
   [
    -1.2675907949954365e-06,
    0.9999999999991966,
    3.9780377213210457e-13,
    -6.911191692205435e-05
   ],
   [
    0.0,
    0.0,
    0.0,
    1.0
   ]
  ],
  [
   [
    0.9986004956695087,
    -0.03816210595827598,
    -0.03661562122156256,
    -5.2125600852326315e-06
   ],
   [
    0.03820797648216432,
    0.9992696553378333,
    0.0005535830077347517,
    -2.4878048855772605e-06
   ],
   [
    0.0365677533046536,
    -0.0019518170604314433,
    0.9993292699748229,
    2.2898065004106627e-06
   ],
   [
    0.0,
    0.0,
    0.0,
    1.0
   ]
  ],
  [
   [
    0.9999999999999978,
    -1.544968290807629e-08,
    -6.71208911196341e-08,
    -4.574500941600945e-06
   ],
   [
    1.5449687654122294e-08,
    0.9999999999999976,
    7.07089243008487e-08,
    -2.845068658441363e-07
   ],
   [
    6.712089002720346e-08,
    -7.07089253241893e-08,
    0.9999999999999952,
    -1.6620314764459465e-06
   ],
   [
    0.0,
    0.0,
    0.0,
    1.0
   ]
  ],
  [
   [
    0.9999999999998788,
    1.65244143687561e-07,
    4.6392983499634816e-07,
    3.7525023408591096e-06
   ],
   [
    -1.6524410268719544e-07,
    0.9999999999999821,
    -8.837625796633234e-08,
    -1.5838251843369733e-07
   ],
   [
    -4.639298495999991e-07,
    8.837618131303636e-08,
    0.9999999999998884,
    2.0348387004265334e-06
   ],
   [
    0.0,
    0.0,
    0.0,
    1.0
   ]
  ],
  [
   [
    0.9986040183873166,
    -0.03816218041723954,
    0.03651934345666504,
    -7.4170205030255065e-06
   ],
   [
    0.03820795572185396,
    0.9992696547209281,
    -0.0005561236143092485,
    5.722127383277209e-07
   ],
   [
    -0.036471448836873095,
    0.0019506767337527497,
    0.9993327915564564,
    4.5366356027365384e-06
   ],
   [
    0.0,
    0.0,
    0.0,
    1.0
   ]
  ],
  [
   [
    0.9999999999999927,
    -6.857024548620031e-08,
    -1.0103527880074721e-07,
    -3.0328848730221125e-06
   ],
   [
    6.857026879898682e-08,
    0.9999999999999709,
    2.3073908698888996e-07,
    2.854658854412051e-06
   ],
   [
    1.0103526297890846e-07,
    -2.3073909380500739e-07,
    0.9999999999999681,
    1.287817724460183e-06
   ],
   [
    0.0,
    0.0,
    0.0,
    1.0
   ]
  ],
  [
   [
    0.9999999999999107,
    2.734892455021707e-08,
    4.218925135214295e-07,
    -1.4990062489061984e-06
   ],
   [
    -2.7348904174763207e-08,
    0.9999999999999981,
    -4.829537331276706e-08,
    -2.594867773986209e-07
   ],
   [
    -4.218925148422554e-07,
    4.829536145862296e-08,
    0.9999999999999098,
    1.7909842200403148e-06
   ],
   [
    0.0,
    0.0,
    0.0,
    1.0
   ]
  ],
  [
   [
    0.9999999999997273,
    6.95365269367614e-07,
    2.4917299013945137e-07,
    3.697758222065417e-06
   ],
   [
    -6.953652818259289e-07,
    0.9999999999997572,
    4.999857428286563e-08,
    -6.400508890669343e-07
   ],
   [
    -2.4917295537211875e-07,
    -4.999874748549952e-08,
    0.9999999999999677,
    -2.208955406916569e-06
   ],
   [
    0.0,
    0.0,
    0.0,
    1.0
   ]
  ],
  [
   [
    0.9999999999994844,
    -7.896556918940971e-07,
    -6.385249012013238e-07,
    2.015708331803978e-06
   ],
   [
    7.896556155196071e-07,
    0.999999999999681,
    -1.1961106782951986e-07,
    2.147123982776389e-06
   ],
   [
    6.385249956526806e-07,
    1.1961056361009412e-07,
    0.999999999999789,
    -1.2971636815149206e-06
   ],
   [
    0.0,
    0.0,
    0.0,
    1.0
   ]
  ],
  [
   [
    0.9999999999940226,
    3.4487896145971507e-06,
    2.4649980770190775e-07,
    1.292982023404221e-05
   ],
   [
    -3.448789669699278e-06,
    0.9999999999940276,
    2.235381338533462e-07,
    2.0690813493096094e-06
   ],
   [
    -2.4649903676444113e-07,
    -2.2353898398220336e-07,
    0.9999999999999446,
    -3.063424853408958e-07
   ],
   [
    0.0,
    0.0,
    0.0,
    1.0
   ]
  ],
  [
   [
    0.9999999999948108,
    -3.1915409285572254e-06,
    4.38651478618295e-07,
    -5.999808244006033e-06
   ],
   [
    3.1915408109465867e-06,
    0.9999999999948708,
    2.6811908237290403e-07,
    1.419148413929483e-05
   ],
   [
    -4.3865233432907036e-07,
    -2.6811768237543973e-07,
    0.9999999999998678,
    5.785992018906812e-07
   ],
   [
    0.0,
    0.0,
    0.0,
    1.0
   ]
  ],
  [
   [
    1.0,
    -1.280074624177807e-16,
    -3.402645618816261e-22,
    0.0
   ],
   [
    1.2800746241778067e-16,
    1.0000000000000002,
    1.3753132841087992e-22,
    4.440892098500626e-16
   ],
   [
    3.402645618816261e-22,
    -7.422690840267889e-23,
    1.0,
    6.776263578034403e-21
   ],
   [
    0.0,
    0.0,
    0.0,
    1.0
   ]
  ],
  [
   [
    0.999999999999929,
    4.882150218222493e-08,
    -3.7342535283242957e-07,
    3.435994939619622
   ],
   [
    -4.88213835927766e-08,
    0.9999999999999486,
    3.1757203517392316e-07,
    -3.3265088353606753e-06
   ],
   [
    3.734253683367541e-07,
    -3.175720169052002e-07,
    0.9999999999998799,
    0.6964993863835376
   ],
   [
    0.0,
    0.0,
    0.0,
    1.0
   ]
  ],
  [
   [
    0.16011306973222994,
    -0.0031130922408128077,
    -0.98709377141061,
    0.3789727775864211
   ],
   [
    0.12566933870225896,
    0.9919220964266883,
    0.01725606938499899,
    -0.016050877596171353
   ],
   [
    0.9790664033716298,
    -0.12681034373103459,
    0.15921091203732818,
    2.8436251855292527
   ],
   [
    0.0,
    0.0,
    0.0,
    1.0
   ]
  ],
  [
   [
    0.9999999999995905,
    -7.664186376266245e-07,
    -4.808767977053963e-07,
    2.5378995474056865e-06
   ],
   [
    7.664180365866545e-07,
    0.9999999999989254,
    -1.2498824288320442e-06,
    -3.3405206032455226e-06
   ],
   [
    4.808777556380677e-07,
    1.249882060322863e-06,
    0.9999999999991033,
    -3.759292177107909e-06
   ],
   [
    0.0,
    0.0,
    0.0,
    1.0
   ]
  ],
  [
   [
    0.9999999999992868,
    3.1612371758282514e-07,
    1.1518650147661797e-06,
    -2.404764707364393e-07
   ],
   [
    -3.1612726448947984e-07,
    0.999999999995209,
    3.0792739585072974e-06,
    -1.2785279396031017e-05
   ],
   [
    -1.15186404132913e-06,
    -3.079274322621075e-06,
    0.9999999999945957,
    -2.1571885389093381e-07
   ],
   [
    0.0,
    0.0,
    0.0,
    1.0
   ]
  ],
  [
   [
    0.9999999999964166,
    1.3256825728330768e-06,
    -2.3257151969513185e-06,
    2.8068712920034136
   ],
   [
    -1.3256851730258023e-06,
    0.9999999999984962,
    -1.1180173616866112e-06,
    -1.184176049176533e-06
   ],
   [
    2.325713714811689e-06,
    1.1180204448524323e-06,
    0.9999999999966704,
    -0.568969457716751
   ],
   [
    0.0,
    0.0,
    0.0,
    1.0
   ]
  ],
  [
   [
    0.19421702295995247,
    -0.009799664171374083,
    0.98090963629414,
    0.5255951312208742
   ],
   [
    0.11699991917847957,
    0.9930436023002073,
    -0.013244728870651977,
    -0.017954062744781354
   ],
   [
    -0.9739562448615455,
    0.11733869997897589,
    0.19401253202420007,
    -3.169235644922983
   ],
   [
    0.0,
    0.0,
    0.0,
    1.0
   ]
  ],
  [
   [
    0.9999999999999798,
    -9.296622392666634e-08,
    1.789862118010978e-07,
    1.7100996412722225e-05
   ],
   [
    9.296641692717853e-08,
    0.9999999999994145,
    -1.0782985057033132e-06,
    3.955036190994576e-06
   ],
   [
    -1.789861115556526e-07,
    1.078298522524527e-06,
    0.9999999999994027,
    -6.270849283396272e-06
   ],
   [
    0.0,
    0.0,
    0.0,
    1.0
   ]
  ],
  [
   [
    0.9999999999993912,
    6.766600082104026e-07,
    8.716243300310753e-07,
    1.4218997712589498e-07
   ],
   [
    -6.766603947574051e-07,
    0.9999999999996728,
    4.434786854865361e-07,
    5.519153053949993e-06
   ],
   [
    -8.716240299464991e-07,
    -4.434792752930842e-07,
    0.9999999999995218,
    2.6395163705839053e-06
   ],
   [
    0.0,
    0.0,
    0.0,
    1.0
   ]
  ],
  [
   [
    0.9999999999998974,
    9.981467650906761e-08,
    -4.42091187789829e-07,
    -1.2979167411941717e-06
   ],
   [
    -9.98147986590376e-08,
    0.999999999999957,
    -2.7630038193400593e-07,
    3.6026769382191404e-06
   ],
   [
    4.4209116021097667e-07,
    2.763004261479087e-07,
    0.9999999999998641,
    2.6456985658173467e-06
   ],
   [
    0.0,
    0.0,
    0.0,
    1.0
   ]
  ]
 ],
 "target_height": 190.19419223070145,
 "up_axis": 2,
 "foot": -0.549645721912384,
 "center": [
  0.6381416320800781,
  -5.0866570472717285,
  94.54745039343834
 ]
}